86
13
52
18
22
43
10
28
48
88
87
12
49
13
15
5
0
5
62
58
84
40
87
78
53
92
56
52
91
0
25
20
90
13
94
25
91
32
89
55
1
85
20
9
71
46
41
81
52
56
24
52
63
38
31
43
68
98
7
24
55
72
47
49
71
79
82
12
98
22
94
1
65
1
2
19
34
14
41
3
99
27
49
59
41
98
56
94
59
95
47
11
53
73
90
66
44
56
65
50
47
95
42
26
62
46
66
7
7
88
94
99
33
26
51
14
41
99
15
44
92
3
57
53
99
8
76
76
18
20
51
47
86
30
9
65
1
82
99
67
67
70
73
30
48
73
10
2
16
99
80
50
24
75
40
95
54
56
39
29
5
18
93
59
92
82
8
3
78
75
45
91
20
73
65
6
33
96
48
43
95
1
38
34
77
69
83
7
63
0
68
7
76
9
12
32
24
72
9
30
40
18
35
38
76
52
24
91
14
53
38
85
45
58
7
14
36
97
11
76
30
38
98
28
91
76
74
23
72
56
88
19
17
48
80
26
59
83
61
65
78
49
6
19
4
49
25
98
30
54
42
44
28
83
45
32
71
55
42
22
63
61
38
78
24
9
12
96
97
62
8
26
33
90
52
62
9
37
2
64
52
76
28
76
80
52
45
30
64
62
55
56
76
66
25
47
48
38
38
2
68
89
57
50
56
75
42
58
35
25
4
40
94
98
57
84
36
18
43
13
26
47
97
79
46
80
74
28
79
42
47
53
0
1
58
72
66
31
80
96
42
30
85
71
62
61
5
23
77
21
1
91
32
53
42
52
69
85
77
31
61
9
49
21
22
7
63
29
37
62
82
75
19
63
21
94
51
85
36
92
43
0
57
92
23
20
8
41
34
60
13
21
10
15
79
16
35
91
50
93
61
19
13
54
75
33
50
71
77
0
37
26
29
55
95
38
11
68
65
37
7
6
99
72
9
63
91
72
30
92
47
96
23
96
67
29
24
76
46
2
74
4
87
27
53
24
20
5
70
6
3
62
63
30
34
35
28
48
16
62
43
97
57
64
1
78
22
40
74
19
1
63
31
85
9
79
96
70
80
89
35
72
27
11
22
38
60
59
26
95
2
0
46
81
95
2
18
2
80
13
98
79
88
74
53
74
10
64
81
43
23
75
58
64
46
3
0
60
70
85
56
51
70
64
76
66
37
10
68
48
55
68
58
16
64
36
25
7
28
50
23
15
14
32
59
23
25
57
27
44
89
22
58
80
61
7
25
63
53
99
58
12
6
19
17
39
77
28
58
20
75
61
84
97
58
13
96
55
18
6
74
43
24
29
15
16
58
68
33
35
18
50
92
9
95
87
32
17
19
80
60
8
6
25
3
71
96
87
33
60
6
58
55
92
41
92
36
69
70
18
17
97
45
10
49
51
45
40
61
60
27
14
39
20
74
68
78
24
51
24
18
69
24
61
69
11
57
61
60
35
31
29
65
77
9
91
0
16
86
0
23
23
24
94
25
2
58
52
59
41
75
97
76
2
91
72
58
90
76
30
41
59
23
24
19
36
59
89
73
48
35
37
18
42
51
37
64
25
78
75
24
52
91
23
64
71
17
58
94
5
22
86
7
5
9
25
36
81
45
75
86
70
5
26
25
32
37
71
26
49
30
64
22
55
24
80
61
6
66
66
94
2
46
47
35
89
62
23
90
85
35
35
36
12
74
61
60
94
23
89
37
34
27
97
70
92
9
96
50
55
51
46
34
42
14
20
35
78
22
48
31
56
24
46
99
16
25
15
40
43
0
24
86
16
61
48
16
50
2
74
34
24
69
65
73
55
80
34
57
80
46
97
35
4
68
31
19
77
6
74
67
86
63
22
11
38
25
13
39
2
72
99
76
90
93
45
76
71
58
91
23
45
15
71
46
33
58
46
40
23
31
94
76
61
1
53
38
95
71
95
42
52
28
82
11
63
3
69
80
61
90
44
54
23
14
2
33
96
7
69
92
33
17
75
81
37
12
58
79
2
18
34
6
52
23
88
38
15
19
6
0
20
38
58
10
74
85
82
87
51
10
12
86
67
83
9
30
75
14
37
71
88
41
71
56
34
34
70
68
3
36
97
49
84
54
89
78
88
93
5
67
57
43
19
74
55
50
58
57
81
85
42
64
68
33
17
62
6
46
13
17
20
9
26
62
80
41
81
52
1
85
88
41
95
89
60
79
57
58
63
78
78
29
8
35
48
43
1
99
82
72
12
73
46
8
37
94
11
10
55
